205.000,151.000,222.000,151.000,222.000,201.000,205.000,201.000
203.508,150.588,220.168,150.588,220.168,199.588,203.508,199.588
202.491,149.835,219.067,149.835,219.067,198.590,202.491,198.590
201.894,148.713,218.637,148.713,218.637,197.955,201.894,197.955
201.894,148.713,218.637,148.713,218.637,197.955,201.894,197.955
200.270,149.456,217.096,149.456,217.096,198.945,200.270,198.945
199.612,148.290,216.606,148.290,216.606,198.274,199.612,198.274
196.234,149.773,213.398,149.773,213.398,200.256,196.234,200.256
194.676,147.287,212.184,147.287,212.184,198.780,194.676,198.780
192.978,147.437,210.836,147.437,210.836,199.960,192.978,199.960
191.134,145.364,209.081,145.364,209.081,198.150,191.134,198.150
190.207,143.980,208.334,143.980,208.334,197.293,190.207,197.293
188.305,142.540,206.250,142.540,206.250,195.320,188.305,195.320
186.423,143.253,204.458,143.253,204.458,196.297,186.423,196.297
184.518,141.131,202.643,141.131,202.643,194.441,184.518,194.441
183.497,142.543,201.803,142.543,201.803,196.385,183.497,196.385
182.437,141.073,200.927,141.073,200.927,195.454,182.437,195.454
183.133,140.942,201.993,140.942,201.993,196.411,183.133,196.411
181.302,139.533,199.973,139.533,199.973,194.447,181.302,194.447
180.395,138.835,198.973,138.835,198.973,193.475,180.395,193.475
179.638,138.909,197.844,138.909,197.844,192.455,179.638,192.455
177.841,137.520,195.865,137.520,195.865,190.531,177.841,190.531
176.952,136.832,194.886,136.832,194.886,189.578,176.952,189.578
176.952,136.832,194.886,136.832,194.886,189.578,176.952,189.578
176.067,136.148,193.911,136.148,193.911,188.630,176.067,188.630
175.187,138.247,192.942,138.247,192.942,190.467,175.187,190.467
175.187,138.247,192.942,138.247,192.942,190.467,175.187,190.467
174.407,138.206,191.807,138.206,191.807,189.381,174.407,189.381
172.663,136.824,189.889,136.824,189.889,187.488,172.663,187.488
169.966,134.127,187.192,134.127,187.192,184.791,169.966,184.791
168.942,132.745,186.340,132.745,186.340,183.915,168.942,183.915
169.543,132.621,187.289,132.621,187.289,184.815,169.543,184.815
168.695,131.958,186.352,131.958,186.352,183.891,168.695,183.891
167.852,131.298,185.421,131.298,185.421,182.972,167.852,182.972
167.013,130.642,184.494,130.642,184.494,182.057,167.013,182.057
166.354,130.711,183.486,130.711,183.486,181.098,166.354,181.098
166.354,130.711,183.486,130.711,183.486,181.098,166.354,181.098
166.946,130.590,184.420,130.590,184.420,181.984,166.946,181.984
165.276,129.284,182.576,129.284,182.576,180.164,165.276,180.164
165.276,129.284,182.576,129.284,182.576,180.164,165.276,180.164
164.450,125.943,181.663,125.943,181.663,176.568,164.450,176.568
165.272,126.572,182.571,126.572,182.571,177.451,165.272,177.451
163.377,124.483,180.762,124.483,180.762,175.617,163.377,175.617
162.560,123.861,179.858,123.861,179.858,174.739,162.560,174.739
161.450,122.364,178.922,122.364,178.922,173.751,161.450,173.751
159.836,123.849,177.132,123.849,177.132,174.721,159.836,174.721
160.635,124.468,178.018,124.468,178.018,175.595,160.635,175.595
159.832,123.845,177.128,123.845,177.128,174.717,159.832,174.717
158.233,122.607,175.357,122.607,175.357,172.970,158.233,172.970
156.330,120.526,173.539,120.526,173.539,171.140,156.330,171.140
154.767,121.988,171.804,121.988,171.804,172.096,154.767,172.096
153.621,120.514,170.828,120.514,170.828,171.123,153.621,171.123
151.682,118.409,168.975,118.409,168.975,169.271,151.682,169.271
151.301,118.694,168.249,118.694,168.249,168.539,151.301,168.539
150.134,117.201,167.251,117.201,167.251,167.545,150.134,167.545
150.134,117.201,167.251,117.201,167.251,167.545,150.134,167.545
148.633,118.682,165.579,118.682,165.579,168.522,148.633,168.522
145.250,118.089,162.111,118.089,162.111,167.680,145.250,167.680
146.411,119.521,163.103,119.521,163.103,168.616,146.411,168.616
143.483,119.692,159.841,119.692,159.841,167.805,143.483,167.805
141.128,119.473,157.814,119.473,157.814,168.549,141.128,168.549
138.516,116.861,155.201,116.861,155.201,165.937,138.516,165.937
136.583,114.820,153.352,114.820,153.352,164.141,136.583,164.141
137.816,116.271,154.418,116.271,154.418,165.099,137.816,165.099
133.944,114.809,150.712,114.809,150.712,164.125,133.944,164.125
133.275,116.846,149.958,116.846,149.958,165.916,133.275,165.916
132.608,116.262,149.208,116.262,149.208,165.086,132.608,165.086
131.945,115.681,148.462,115.681,148.462,164.261,131.945,164.261
129.359,115.681,145.876,115.681,145.876,164.261,129.359,164.261
126.773,113.095,143.291,113.095,143.291,161.675,126.773,161.675
125.429,111.614,142.112,111.614,142.112,160.680,125.429,160.680
124.802,111.056,141.401,111.056,141.401,159.877,124.802,159.877
124.178,110.501,140.694,110.501,140.694,159.077,124.178,159.077
124.024,110.074,140.871,110.074,140.871,159.621,124.024,159.621
121.544,110.457,138.053,110.457,138.053,159.014,121.544,159.014
120.149,108.951,136.823,108.951,136.823,157.993,120.149,157.993
118.714,107.404,135.555,107.404,135.555,156.937,118.714,156.937
118.714,107.404,135.555,107.404,135.555,156.937,118.714,156.937
116.340,107.840,132.844,107.840,132.844,156.382,116.340,156.382
114.893,106.308,131.563,106.308,131.563,155.336,114.893,155.336
113.744,105.245,130.247,105.245,130.247,153.782,113.744,153.782
112.272,103.688,128.940,103.688,128.940,152.711,112.272,152.711
111.711,103.170,128.295,103.170,128.295,151.947,111.711,151.947
108.023,104.708,124.442,104.708,124.442,152.998,108.023,152.998
106.943,103.661,123.198,103.661,123.198,151.468,106.943,151.468
104.804,104.082,120.734,104.082,120.734,150.933,104.804,150.933
104.357,103.620,120.605,103.620,120.605,151.408,104.357,151.408
102.270,104.040,118.192,104.040,118.192,150.872,102.270,150.872
100.775,102.563,116.857,102.563,116.857,149.863,100.775,149.863
99.767,101.537,115.688,101.537,115.688,148.365,99.767,148.365
97.771,101.949,113.374,101.949,113.374,147.840,97.771,147.840
97.235,101.497,113.150,101.497,113.150,148.305,97.235,148.305
94.270,100.989,110.105,100.989,110.105,147.564,94.270,147.564
93.327,99.979,109.004,99.979,109.004,146.088,93.327,146.088
92.394,101.409,107.914,101.409,107.914,147.057,92.394,147.057
91.932,100.902,107.375,100.902,107.375,146.322,91.932,146.322
89.067,100.398,104.432,100.398,104.432,145.590,89.067,145.590
88.176,99.394,103.388,99.394,103.388,144.134,88.176,144.134
84.247,97.982,99.611,97.982,99.611,143.170,84.247,143.170
83.826,97.493,99.113,97.493,99.113,142.454,83.826,142.454
82.150,97.888,97.131,97.888,97.131,141.951,82.150,141.951
80.203,98.378,95.259,98.378,95.259,142.661,80.203,142.661
80.909,98.720,95.664,98.720,95.664,142.117,80.909,142.117
78.599,98.720,93.354,98.720,93.354,142.117,78.599,142.117
78.206,98.226,92.887,98.226,92.887,141.407,78.206,141.407
76.642,98.514,91.030,98.514,91.030,140.831,76.642,140.831
73.580,95.890,88.255,95.890,88.255,139.053,73.580,139.053
72.708,95.464,87.677,95.464,87.677,139.490,72.708,139.490
71.981,94.509,86.800,94.509,86.800,138.095,71.981,138.095
68.688,94.033,83.803,94.033,83.803,138.491,68.688,138.491
68.688,94.033,83.803,94.033,83.803,138.491,68.688,138.491
67.314,94.471,82.127,94.471,82.127,138.040,67.314,138.040
66.295,93.995,81.404,93.995,81.404,138.435,66.295,138.435
64.969,94.434,79.776,94.434,79.776,137.985,64.969,137.985
63.669,94.817,78.181,94.817,78.181,137.497,63.669,137.497
62.011,93.470,76.668,93.470,76.668,136.577,62.011,136.577
60.314,92.088,75.117,92.088,75.117,135.626,60.314,135.626
57.707,91.627,72.436,91.627,72.436,134.948,57.707,134.948
57.707,91.627,72.436,91.627,72.436,134.948,57.707,134.948
56.509,91.108,71.532,91.108,71.532,135.295,56.509,135.295
